0.00000000
0.62666617
1.24344944
1.84062276
2.40876837
2.93892626
3.42273553
3.85256621
4.22163963
4.52413526
4.75528258
4.91143625
4.99013364
4.99013364
4.91143625
4.75528258
4.52413526
4.22163963
3.85256621
3.42273553
2.93892626
2.40876837
1.84062276
1.24344944
0.62666617
0.00000000
-0.62666617
-1.24344944
-1.84062276
-2.40876837
-2.93892626
-3.42273553
-3.85256621
-4.22163963
-4.52413526
-4.75528258
-4.91143625
-4.99013364
-4.99013364
-4.91143625
-4.75528258
-4.52413526
-4.22163963
-3.85256621
-3.42273553
-2.93892626
-2.40876837
-1.84062276
-1.24344944
-0.62666617
0.00000000
0.62666617
1.24344944
1.84062276
2.40876837
2.93892626
3.42273553
3.85256621
4.22163963
4.52413526
4.75528258
4.91143625
4.99013364
4.99013364
4.91143625
4.75528258
4.52413526
4.22163963
3.85256621
3.42273553
2.93892626
2.40876837
1.84062276
1.24344944
0.62666617
0.00000000
-0.62666617
-1.24344944
-1.84062276
-2.40876837
-2.93892626
-3.42273553
-3.85256621
-4.22163963
-4.52413526
-4.75528258
-4.91143625
-4.99013364
-4.99013364
-4.91143625
-4.75528258
-4.52413526
-4.22163963
-3.85256621
-3.42273553
-2.93892626
-2.40876837
-1.84062276
-1.24344944
-0.62666617
0.00000000
0.62666617
1.24344944
1.84062276
2.40876837
2.93892626
3.42273553
3.85256621
4.22163963
4.52413526
4.75528258
4.91143625
4.99013364
4.99013364
4.91143625
4.75528258
4.52413526
4.22163963
3.85256621
3.42273553
2.93892626
2.40876837
1.84062276
1.24344944
0.62666617
0.00000000
-0.62666617
-1.24344944
-1.84062276
-2.40876837
-2.93892626
-3.42273553
-3.85256621
-4.22163963
-4.52413526
-4.75528258
-4.91143625
-4.99013364
-4.99013364
-4.91143625
-4.75528258
-4.52413526
-4.22163963
-3.85256621
-3.42273553
-2.93892626
-2.40876837
-1.84062276
-1.24344944
-0.62666617
0.00000000
0.62666617
1.24344944
1.84062276
2.40876837
2.93892626
3.42273553
3.85256621
4.22163963
4.52413526
4.75528258
4.91143625
4.99013364
4.99013364
4.91143625
4.75528258
4.52413526
4.22163963
3.85256621
3.42273553
2.93892626
2.40876837
1.84062276
1.24344944
0.62666617
0.00000000
-0.62666617
-1.24344944
-1.84062276
-2.40876837
-2.93892626
-3.42273553
-3.85256621
-4.22163963
-4.52413526
-4.75528258
-4.91143625
-4.99013364
-4.99013364
-4.91143625
-4.75528258
-4.52413526
-4.22163963
-3.85256621
-3.42273553
-2.93892626
-2.40876837
-1.84062276
-1.24344944
-0.62666617