2.09931796
1.26054153
0.42161209
6.10144690
1.28401231
-0.91642076
1.40234625
0.85944600
2.14306293
-1.18030408
2.17303825
1.30810380
1.96342829
0.40979117
-0.07674399
-0.01090766
0.93071106
1.13139053
1.22000435
1.46619414
-0.72904271
1.58493399
1.91394668
5.52015012
1.95279009
1.58228502
-0.76694058
2.26036838
-1.29668354
3.51630133
0.66685977
1.52256868
1.95919829
1.06633682
0.84454568
0.65742961
1.59773363
0.25596289
1.18493215
0.44284804
2.05435535
1.22944574
1.46745419
1.70421109
2.08007107
1.65608522
1.55239460
1.72073876
1.42156721
-0.27533293
6.23494864
-0.39082595
0.91819446
1.76229857
0.08292356
1.35447629
0.25976966
0.68163624
2.21898228
0.93859999
1.57771512
1.88698317
0.88120843
2.48934562
1.75842481
1.31995816
1.64227008
0.46619106
2.59567443
-0.76171785
1.36422636
6.30537182
1.05178299
2.48244861
1.23677358
1.63186258
2.32931382
0.00177527
6.26065389
5.89916373
0.87666693
0.48459968
0.04151166
0.63381804
2.27449401
1.57976061
-0.06584983
-0.94392679
0.01284168
-0.46799118
0.84894661
1.97215625
2.37455529
2.10956037
1.43505274
-0.79556624
1.37312063
1.00315614
2.73448670
-1.20584973
1.62660819
5.69695400
5.75480542
1.49950441
1.48616264
1.28042408
1.29540541
1.41261673
2.54983813
4.56146277
1.59817510
3.09983890
1.85920305
1.53432522
-0.67054306
2.37825567
5.42422318
2.97586925
1.83019481
0.97556595
1.23255099
-0.18569665
6.33441465
1.79616886
3.63032075
1.25809772
0.59255380
0.79889507
0.20515919
1.56379241
2.06152616
0.16652061
1.34093721
1.10504164
0.66704423
0.63802788
3.73209800
0.88080901
1.20718133
1.98956258
1.96264576
-0.21369724
0.78810160
0.37942303
0.79889808
2.16153588
0.94106899
0.86811467
0.65289665
1.88948208
1.54852261
2.94579572
0.67284004
1.28257923
1.07239665
2.29880385
1.64031839
1.59464543
1.32442776
1.84346254
0.59025987
6.30483095
1.78054462
1.90031077
0.96450084
0.93346659
1.34398752
2.74968736
2.88371450
1.59605840
1.77251232
1.92311160
5.78069513
0.39949319
2.54144121
3.26346297
3.41680396
0.78248202
1.54343499
0.24181309
1.60973296
1.56931078
0.39130655
1.48234246
3.44628998
2.04189495
2.68978272
2.28582345
2.50372187
3.07560568
6.36379226
2.96183088
2.67545055
4.73629482
1.11565998
1.63091227
0.94734903
0.03657734
1.80733229
3.73646620
0.77951547
1.42039600
1.73662243
0.53545177
1.77134299
2.33063242
3.44938020
5.13713535
2.12113851
1.50421716
2.36289037
0.82630895
2.07347866
3.88600644
1.08820037
1.45175496
0.69040004
0.82359121
2.32990410
-0.49007498
-0.26738582
1.52095704
-0.37904928
0.74356175
6.21315533
2.50749994
3.65478982
1.57986686
4.94854468
0.77844778
1.52938018
2.82446666
1.86122426
1.30038175
1.74783739
6.60959426
-0.50837692
1.34696097
1.04134101
2.54311153
1.18221227
0.10496578
1.89939182
2.91582134
4.64952982
-0.16169660
2.01871433
1.30354423
2.19282165
0.09245224
2.87380069
1.22883406
2.93725578
-0.55498091
0.26622005
1.64945622
1.39984743
2.62184748
3.27128885
0.84356332
2.69824925
1.99313546
2.29825660
3.94604142
0.91739457
0.98826373
0.247469997
1.71908290
1.28558801
0.28240764
-0.18210296
2.05700271
1.82179774
2.43509691
9.14735600
1.05129524
2.19976641
1.90342427
0.25203919
2.22275563
1.75250463
0.95948802
2.75916465
2.46143953
2.38567625
1.00960685
0.83940790
0.21466137
1.55932778
1.13845961
1.95969529
1.88534727
0.60479987
1.17884499
1.77801535
2.71105137
3.27803917
3.10637167
2.17821613
2.83290042
0.46233696
0.69040666
0.66646583
1.05894868
1.00229915
0.46271703
2.65993139
6.33917985
2.77791844
4.44480048
2.02173810
6.73427851
0.13214635
1.49162243
1.46375627
5.83087578
4.29982149
4.60827387
1.46675605
0.70682167
6.72714101
8.09175109
1.50695550
2.19633810
7.92210684
7.75155234
1.78693998
2.80915188
1.50576770
2.64151786
2.41776209
0.10586869
2.22942120
2.32178076
2.27771722
-0.04801973
1.91157887
2.77752623
1.92429851
4.28144193
0.25709436
2.89080522
1.42938812
-0.36732959
3.92682227
2.07886155
1.67370033
2.90457304
2.51827510
1.34650553
2.16343702
5.76645995
2.29232554
2.21553676
3.39864310
2.01503209
1.48862793
3.70889396
0.90916641
0.79985506
3.40676325
1.34639943
3.13842179
1.04081975
3.32930330
5.82253574
1.61159522
2.52286005
6.45789559
0.00232078
1.56393643
3.21392720
3.19067542
3.35158755
1.05990118
1.23428886
1.81126720
2.11212737
1.23090037
0.58551355
1.23920769
6.81700785
2.66063125
2.45323596
2.17377879
2.39085187
2.69842373
6.11427240
3.69247304
1.55075551
2.59044300
1.18330872
2.61062352
6.05163599
6.03965311
3.22725320
3.08846504
8.52452302
2.32330629
1.51147732
2.47204635
2.26602019
1.14578595
7.43594060
1.94808264
2.95400159
2.90449423
2.40741508
6.71301829
1.65744568
2.71963689
1.41363219
3.23718715
1.04994000
1.85827892
3.32431622
2.77997569
2.11345631
1.34672653
0.89134252
2.86902225
5.55399306
1.96409706
3.33780600
5.38666401
1.83771522
0.59974066
2.06733750
2.45370322
1.82994271
1.53852436
1.81585219
0.44973989
3.06011085
0.90610585
3.87783491
1.30111515
2.44854716
6.11005521
3.28921404
2.87848610
1.67696396
3.32737273
3.83789287
3.44346065
3.57974186
2.82983119
3.30824697
1.36857793
1.31037802
2.34676791
1.88013073
2.43290233
0.78672941
2.04910097
2.52439464
3.58170065
1.65819462
1.47371119
3.06782563
1.29144566
2.04923143
1.64615823
2.33190539
3.90448334
1.96601891
3.11937291
3.87214274
2.82118372
3.57388745
3.72995734
2.43347580
3.05199579
2.07764515
4.02013753
2.84727757
5.65855061
2.13303125
3.67238134
1.57590701
2.21287670
2.73862970
3.75158392
1.00823876
3.46050787
2.18892517
4.51121990
3.36682065
9.24093937
3.31795903
3.21022195
0.25357982
1.58704689
3.46979235
3.40170965
7.26280299
1.42215592
2.24516104
2.65181043
2.64282129
2.82390280
2.22830652
3.15393012
2.97146381
6.38759933
3.23733809
4.39579529
8.27704431
4.30790002
3.56167989
3.39455510
2.67267580
2.29193811
2.38560205
8.02644318
3.03886451
1.01789703
9.10302755
6.92546052
6.79271378
3.12361473
1.52958958
1.09678872
3.38363327
2.04403213
1.69545810
7.73753323
0.70301871
3.31337776
4.68057809
3.22529425
3.53352887
1.85097339
1.09630623
2.90592322
4.33685558
3.34619312
2.34797709
2.22559193
3.26620291
3.48541399
3.43871486
6.34051705
4.50509457
3.08062011
2.06430296
1.09840656
5.85539850
3.25914645
3.38239900
4.11216756
2.43473419
3.51311489
2.02170467
3.00342339
1.30449670
1.91918603
2.00348292
1.93171763
2.96234062
2.84077412
3.69155539
7.30593566
3.27638944
2.28145682
2.59682964
2.64546588
1.70229052
2.82362890
3.61908660
4.73398570
5.10906532
8.48779628
3.31592831
3.42028358
4.52250160
2.99336579
2.85195387
2.78886060
3.52639108
2.21017154
2.98139087
3.28356214
4.84538939
2.95062170
3.42701431
3.15211628
2.65108931
3.49493949
3.74071717
2.07711869
4.55779174
7.54872857
3.67488614
3.21382043
3.28391484
4.65606821
3.47170306
8.10684457
1.64884865
4.52407251
3.56331378
3.25865029
2.94679755
4.30389425
3.75007624
2.10179856
9.23965422
5.12241195
2.98911708
3.37163085
2.59989971
3.31586957
2.57632239
1.35520948
3.23000157
3.29621053
2.07924562
3.39644489
2.13694363
8.42170413
2.74316584
2.26974064
3.21963395
3.01206778
2.70222219
2.80506147
4.39358702
3.86050244
4.42723604
4.05993160
5.46768039
1.62887736
3.45204980
4.10306622
2.87331564
3.04833846
4.52177809
2.71821438
3.26539451
4.11595863
3.14731744
3.52975461
3.72453065
2.03242326
3.14585087
4.72685922
4.52552663
1.76410280
5.00302503
4.47090927
3.09839976
7.15252851
3.31386455
2.93564051
9.19734047
2.65101626
7.83107490
3.02854367
4.94796048
4.36444185
1.86484434
3.63769600
3.56347751
6.04322007
4.32309121
3.89774631
7.29707892
7.99320052
3.92173661
5.28518432
3.16893939
3.82305556
9.97594267
5.93689896
2.97925245
4.20096080
3.34468064
4.23523243
3.85670101
3.51568453
5.86639406
4.12602797
3.71437632
2.47626409
4.76977499
2.49384608
4.30944659
4.06917107
3.75531903
4.22272579
3.11229815
4.99707417
3.34025113
3.49437698
3.77936618
3.97122526
4.45273239
5.19163465
5.19248202
2.22273300
3.39622391
4.77120193
4.42849516
4.02293764
4.86063007
4.53000328
3.61033415
3.78627826
2.58027047
3.61938484
5.18063445
4.99137216
2.61570233
3.68577351
2.26780129
5.16563791
6.50321138
3.75305880
3.86214315
3.75664622
3.94069329
5.27561747
6.32493861
2.59575854
4.14041977
4.33264719
3.93138952
2.97325093
5.43251948
3.78011406
3.11999917
10.11035990
5.47674333
10.18117730
4.04536873
5.10320647
4.45269867
5.58112255
6.23608305
3.50097787
3.53973013
5.98398943
8.92483178
9.94106562
3.95974574
2.40637141
3.85842256
5.22992338
4.12931553
4.51376722
5.51886296
3.27578870
4.15143814
2.38119841
4.76755340
4.86138704
6.09457345
3.93065460
4.94697598
3.08504411
3.97868082
5.36949996
3.22751175
3.29913306
3.45968567
10.05424860
5.17979229
4.33416968
5.36206819
2.33850233
9.50080481
5.22774828
4.07020282
4.76411057
3.88940560
5.70441929
5.85688432
4.70091274
6.15121915
4.54566571
5.18840739
5.86096822
4.42384376
4.25422236
3.99692771
3.78888558
4.22076019
4.89574082
3.69895964
5.23919510
5.44376708
9.86317815
5.31692362
3.13781854
6.19029673
5.71998118
10.16552820
5.05338041
4.53579088
4.94029518
4.44145057
4.09041738
4.58504810
4.66184489
5.02317512
4.20275788
3.68147462
3.73885773
4.68041324
6.75718575
5.64107425
4.64653898
3.87895768
4.94709612
5.19444641
7.54662773
6.72765011
5.77740003
5.69211312
6.08064905
4.97596053
9.58926676
4.06478661
6.20194485
2.84927755
4.60897850
8.31318155
4.62205487
9.10550894
5.03307141
3.29419029
9.21319873
7.28023195
3.95814289
6.08131394
7.22278345
4.91147078
5.46801138
6.16080135
3.39015989
4.81176519
8.57331280
5.68977792
6.34833137
6.83027046
5.48181535
9.89965577
3.77311150
5.72532460
5.51060206
4.41328262
4.41154173
5.70556378
11.34509960
5.16932048
5.81250670
5.27484469
9.72447400
5.22401152
4.87347752
3.70105878
4.95250875
4.94960816
5.41362685
5.61068607
7.28092500
4.52397858
6.98308693
7.45963810
4.38514568
10.13071430
5.30103691
6.85709779
7.28452803
7.17743214
6.22714222
5.42729232
3.73799703
10.31831660
3.97418086
6.63770409
4.87392841
6.27760972
7.17024621
4.73834084
10.73615960
6.40699555
6.02929129
5.54039810
6.50212809
5.93417520
5.25743416
6.16261253
6.12702602
5.52968605
5.10165496
3.70666328
5.68042149
5.50422823
5.88843344
5.84929962
7.41954356
6.19512976
6.58344943
4.76155483
5.58704718
10.53142480
5.59674067
5.34025823
5.72201276
5.91347529
7.79615066
4.92956049
4.76418857
5.76530264
5.89390504
6.47057776
10.43881600
6.98921110
8.11092044
6.97569138
7.28250903
10.92094800
7.62093165
5.90305957
7.01562514
6.02724759
5.80256738
7.04202165
5.84700530
12.26871420
6.39479553
5.75800607
7.03495441
7.11468745
6.60460382
10.16540970
8.73697335
7.01021230
6.98808650
7.17525609
6.55944633
5.05310717
5.73472050
7.81837386
6.34315889
5.97157620
6.86977967
5.24575156
7.26227488
5.89049277
5.43061363
4.37285983
6.13998135
7.41627712
6.94131046
7.74472165
5.86001528
6.90013974
5.39341369
8.51521554
6.51379980
6.30934219
6.99370946
7.59114959
12.05241350
8.24018386
6.81561948
7.88129398
6.55712574
6.67723757
6.53825662
7.35892306
8.91458569
6.89076608
8.34105115
5.64909894
6.59865767
7.47851594
6.70263726
6.60161431
6.73484474
7.52729026
6.66463649
8.03933668
7.28295552
8.06175851
9.57716852
7.41290052
7.03654003
5.67725676
7.80189653
6.83074931
8.20786946
12.69221690
7.14578129
12.58861210
8.10034397
5.76797801
